259
4.000000
16.000000
4.000000
0.198941
0.280556
0.305490
0.221068
0.287609
0.390330
0.354814
0.243471
0.342789
0.465665
0.322510
0.149768
0.201404
0.308280
0.288245
0.184154
0.238236
0.252354
0.214857
0.211300
0.151221
0.227614
0.233523
0.196491
0.176475
0.299135
0.247177
0.179969
0.212578
0.281992
0.294929
0.168687
0.195836
0.314020
0.323882
0.248051
0.252059
0.366005
0.348556
0.291895
0.286751
0.480137
0.441687
0.307656
0.275603
0.376867
0.383990
0.305924
0.230488
0.382262
0.395268
0.304025
0.164129
0.268113
0.313746
0.268353
0.220781
0.333189
0.377586
0.226740
0.117198
0.225188
0.136438
0.104013
0.312341
0.447230
0.409944
0.271270
0.444590
0.527879
0.469333
0.263150
0.438778
0.520686
0.425015
0.305427
0.345381
0.389445
0.452483
0.284860
0.291480
0.417749
0.445934
0.283098
0.271032
0.402400
0.401147
0.310248
0.264777
0.545652
0.494461
0.274765
0.345831
0.474716
0.522487
0.355333
0.325104
0.456638
0.514862
0.346314
0.253421
0.512483
0.526821
0.327117
0.374716
0.513415
0.435503
0.366774
0.436827
0.524294
0.470146
0.311209
0.381710
0.486651
0.505689
0.391563
0.366016
0.486656
0.389858
0.279727
0.389955
0.577971
0.466462
0.275353
0.265780
0.345805
0.277910
0.154385
0.244555
0.392846
0.366976
0.219043
0.352374
0.450804
0.439243
0.276568
0.348996
0.414040
0.402127
0.270278
0.352580
0.519035
0.448130
0.273505
0.255604
0.453428
0.492133
0.311291
0.271307
0.416608
0.395361
0.315449
0.250716
0.362497
0.439553
0.279645
0.310101
0.462195
0.464952
0.288049
0.396981
0.548353
0.474550
0.260083
0.424102
0.563937
0.536874
0.362606
0.442508
0.625349
0.545815
0.397427
0.416362
0.520441
0.575067
0.410878
0.431353
0.498273
0.530247
0.384348
0.352706
0.488846
0.522355
0.288976
0.383164
0.517486
0.425697
0.295651
0.273152
0.373332
0.266075
0.160210
0.170752
0.216192
0.174850
0.122943
0.187499
0.312759
0.252538
0.138290
0.216186
0.251451
0.304573
0.124000
0.206742
0.290536
0.322278
0.218704
0.173934
0.260036
0.347961
0.172069
0.210758
0.269275
0.289120
0.172071
0.207559
0.282073
0.247746
0.169173
0.249535
0.355516
0.338325
0.162520
0.251540
0.284224
0.312335
0.185400
0.168493
0.210028
0.209399
0.189610
0.221562
0.307989
0.339275
0.176045
0.233228
0.323522
0.315425
0.256439
0.255352
0.271020
0.251519
0.175421
0.265966
0.320410
0.229724
0.151052
0.319444
0.333043
0.277475
0.148629
0.173513
0.186138
0.125687
0.074752
