259
4.000000
4.000000
16.000000
0.115188
0.160784
0.224651
0.182806
0.260071
0.210621
0.190745
0.192523
0.185211
0.161643
0.264838
0.205731
0.216106
0.231502
0.156295
0.070938
0.159898
0.209315
0.288310
0.318576
0.250275
0.325297
0.286292
0.240268
0.280908
0.249709
0.279094
0.306708
0.267539
0.282053
0.305797
0.158527
0.181204
0.319897
0.273889
0.294531
0.237629
0.237815
0.238330
0.227381
0.244334
0.233043
0.279595
0.239522
0.313216
0.318273
0.363968
0.202298
0.127991
0.199632
0.189880
0.128605
0.163512
0.119591
0.164066
0.145473
0.185686
0.107493
0.145057
0.130406
0.192875
0.202062
0.264796
0.147787
0.205351
0.280109
0.301619
0.412099
0.450300
0.376607
0.384429
0.363804
0.339935
0.360959
0.379905
0.403285
0.420742
0.321783
0.324268
0.239150
0.259209
0.392096
0.470867
0.500721
0.534030
0.535978
0.514123
0.502729
0.560503
0.470562
0.551556
0.534742
0.418271
0.488395
0.554737
0.336663
0.288039
0.483283
0.439897
0.551417
0.469906
0.439387
0.445165
0.464034
0.454340
0.476635
0.480146
0.459602
0.525641
0.524157
0.595760
0.406432
0.158766
0.359943
0.314723
0.314856
0.311273
0.195609
0.307062
0.251974
0.364125
0.279715
0.273429
0.250192
0.309560
0.344048
0.466087
0.318508
0.173501
0.283966
0.321194
0.418472
0.361604
0.348022
0.359942
0.348418
0.330386
0.337211
0.345813
0.380972
0.363838
0.333246
0.261299
0.153273
0.279375
0.476480
0.445477
0.477214
0.481128
0.434768
0.553862
0.474096
0.531670
0.480876
0.576611
0.526990
0.428850
0.453686
0.493975
0.297229
0.260851
0.505369
0.512140
0.583576
0.481312
0.483666
0.496430
0.481276
0.498500
0.486817
0.543048
0.586053
0.508774
0.515541
0.563840
0.373006
0.151571
0.312918
0.322403
0.391499
0.307143
0.301491
0.312532
0.302716
0.360939
0.350360
0.358210
0.293207
0.327726
0.391695
0.404608
0.263782
0.102513
0.230447
0.254672
0.279479
0.252657
0.228995
0.237343
0.197642
0.259988
0.200983
0.201508
0.201188
0.214808
0.198474
0.197679
0.145152
0.232892
0.346476
0.266094
0.362731
0.387307
0.365404
0.404654
0.366464
0.433390
0.414053
0.405664
0.309617
0.323434
0.288445
0.319253
0.236153
0.152096
0.301454
0.359357
0.406921
0.431542
0.419141
0.423616
0.425019
0.461043
0.408964
0.429517
0.400196
0.342280
0.296856
0.304903
0.272706
0.121157
0.208026
0.219532
0.287500
0.307396
0.329525
0.286311
0.323446
0.253941
0.316109
0.283002
0.243266
0.250396
0.285162
0.249618
0.208969
