515
8.000000
8.000000
8.000000
0.164761
0.286554
0.297860
0.292293
0.261776
0.251631
0.231939
0.171851
0.196727
0.357885
0.374454
0.421192
0.336492
0.326906
0.306709
0.194497
0.195377
0.371951
0.324736
0.352758
0.298303
0.306631
0.256036
0.169293
0.202798
0.362353
0.327706
0.307714
0.233202
0.295036
0.253326
0.171462
0.268864
0.359432
0.346058
0.299036
0.265816
0.267128
0.226870
0.149627
0.251611
0.380777
0.346453
0.282662
0.240001
0.249424
0.209132
0.135606
0.321246
0.379236
0.354491
0.295560
0.295232
0.287219
0.261863
0.164272
0.204060
0.295764
0.250834
0.219906
0.267886
0.287228
0.245985
0.151148
0.251095
0.473836
0.484479
0.488988
0.388966
0.364065
0.322721
0.217429
0.338596
0.564438
0.627743
0.699525
0.509951
0.463824
0.424889
0.322397
0.362043
0.645533
0.623303
0.619730
0.548745
0.488628
0.444300
0.281364
0.384102
0.650552
0.587465
0.594425
0.464724
0.454534
0.459040
0.266325
0.437031
0.628977
0.563502
0.496194
0.435400
0.404272
0.399639
0.243306
0.408474
0.594421
0.527114
0.491632
0.402274
0.408664
0.405145
0.266052
0.508196
0.603196
0.562378
0.544487
0.536930
0.553581
0.513238
0.292759
0.319575
0.462159
0.408140
0.394264
0.460812
0.486086
0.410512
0.237247
0.262100
0.515150
0.440998
0.460695
0.402077
0.497914
0.446250
0.276720
0.400428
0.632273
0.614468
0.645940
0.534706
0.588083
0.550537
0.347910
0.361071
0.596437
0.570237
0.543225
0.534744
0.515823
0.429882
0.263873
0.376846
0.536972
0.484178
0.530549
0.456772
0.396850
0.361567
0.199101
0.365006
0.531617
0.491043
0.487366
0.416033
0.396513
0.393299
0.234577
0.365548
0.522812
0.556318
0.522495
0.457633
0.413671
0.421364
0.315058
0.488079
0.628469
0.670142
0.645734
0.587130
0.555683
0.581159
0.380112
0.313238
0.420384
0.468836
0.429836
0.450167
0.445338
0.437486
0.288334
0.297432
0.507653
0.437900
0.475602
0.420173
0.503307
0.416180
0.257395
0.469265
0.656517
0.646413
0.678754
0.609044
0.607756
0.532683
0.320819
0.365381
0.660860
0.604317
0.580001
0.596737
0.616271
0.510143
0.283391
0.406163
0.594536
0.572563
0.606867
0.514516
0.505466
0.495564
0.274616
0.359567
0.579250
0.536236
0.566181
0.471588
0.545653
0.520348
0.364830
0.395066
0.584161
0.615493
0.612963
0.556103
0.574059
0.592092
0.452706
0.395460
0.665760
0.674477
0.663091
0.655499
0.671049
0.711442
0.479073
0.273057
0.421029
0.505868
0.470415
0.463434
0.490428
0.464026
0.320941
0.297123
0.401636
0.321144
0.413407
0.514386
0.584139
0.498592
0.261259
0.428323
0.512382
0.475761
0.538599
0.721483
0.714488
0.649219
0.341899
0.360858
0.525822
0.452078
0.476263
0.644548
0.689677
0.591097
0.340640
0.344874
0.475591
0.505213
0.536167
0.574978
0.540722
0.516671
0.315075
0.364196
0.575966
0.547784
0.504255
0.540516
0.620088
0.542386
0.353765
0.451475
0.567638
0.612823
0.604411
0.578201
0.582236
0.631911
0.451132
0.437967
0.673577
0.647397
0.598268
0.636205
0.612215
0.701061
0.489480
0.306712
0.467137
0.515597
0.439104
0.449498
0.432673
0.461728
0.333889
0.252812
0.373897
0.373948
0.457702
0.487401
0.523397
0.458404
0.250788
0.379739
0.534744
0.545559
0.579487
0.702778
0.730044
0.682433
0.368331
0.369186
0.520939
0.544732
0.592395
0.582390
0.672093
0.607860
0.381771
0.390652
0.521362
0.529781
0.612281
0.631029
0.627172
0.547945
0.367263
0.398862
0.595280
0.568575
0.623673
0.610871
0.602892
0.501308
0.327738
0.456595
0.626206
0.608619
0.683640
0.622589
0.581852
0.504905
0.364595
0.425551
0.621110
0.601576
0.650002
0.588098
0.578269
0.648034
0.429070
0.275085
0.405611
0.419332
0.482487
0.426444
0.405531
0.402047
0.313436
0.230308
0.339269
0.367394
0.385893
0.437581
0.479480
0.424052
0.263607
0.342655
0.524124
0.538138
0.572803
0.656084
0.711981
0.595735
0.363661
0.341708
0.434682
0.477380
0.532695
0.592049
0.677500
0.602873
0.356594
0.332505
0.451416
0.545949
0.595365
0.561502
0.588666
0.494215
0.327628
0.358535
0.473779
0.531121
0.607956
0.544976
0.484860
0.411561
0.273355
0.447758
0.573643
0.615019
0.710292
0.625888
0.533547
0.413531
0.276125
0.424472
0.624647
0.555680
0.611538
0.555335
0.583296
0.556582
0.361372
0.312759
0.409238
0.410609
0.447577
0.407264
0.425654
0.410578
0.328383
0.216863
0.313136
0.323218
0.306421
0.284209
0.293064
0.266945
0.173077
0.296062
0.465991
0.420836
0.405847
0.424375
0.442940
0.364697
0.217980
0.284300
0.385305
0.351727
0.409606
0.420643
0.439551
0.340545
0.174701
0.238861
0.357831
0.344027
0.375732
0.367000
0.419078
0.289283
0.177154
0.259323
0.333529
0.410843
0.484240
0.364794
0.265602
0.246888
0.171088
0.280036
0.379515
0.461933
0.566679
0.422605
0.345282
0.276381
0.164498
0.280936
0.386311
0.383958
0.446809
0.361393
0.377926
0.375021
0.218067
0.154010
0.256851
0.257478
0.287466
0.273331
0.310815
0.263225
0.194985
