259
16.000000
4.000000
4.000000
0.108840
0.203431
0.171124
0.077052
0.172088
0.270741
0.315714
0.190165
0.187899
0.263665
0.221980
0.157617
0.110540
0.227962
0.132667
0.106983
0.186600
0.271629
0.236390
0.166800
0.309226
0.462099
0.413269
0.294183
0.278997
0.527339
0.398912
0.247332
0.174019
0.334543
0.259627
0.142402
0.196861
0.283209
0.253905
0.133043
0.273088
0.494417
0.350429
0.199557
0.301124
0.400835
0.424880
0.251976
0.237089
0.276833
0.273528
0.127817
0.241088
0.292790
0.253509
0.138519
0.340533
0.386954
0.418096
0.164110
0.346991
0.426782
0.440021
0.225324
0.211128
0.312506
0.354988
0.149547
0.219699
0.299330
0.282231
0.132303
0.320250
0.415853
0.486060
0.273900
0.331119
0.458865
0.460109
0.187260
0.249710
0.265317
0.260458
0.103546
0.232312
0.254902
0.328004
0.123931
0.330544
0.358686
0.426443
0.240424
0.317070
0.355563
0.522176
0.213481
0.216961
0.282653
0.328671
0.110708
0.163698
0.300675
0.278214
0.155477
0.271653
0.411311
0.362074
0.249194
0.319525
0.423693
0.402194
0.219003
0.217132
0.331594
0.310541
0.198228
0.162303
0.265173
0.289155
0.134541
0.303221
0.389278
0.400553
0.214004
0.363713
0.507160
0.402743
0.216426
0.185833
0.275101
0.308824
0.197580
0.134032
0.257882
0.179530
0.148772
0.242505
0.457767
0.371949
0.232757
0.319468
0.541509
0.357296
0.241177
0.254032
0.373745
0.321736
0.167878
0.120225
0.233651
0.228729
0.120609
0.246175
0.434192
0.381238
0.285241
0.331705
0.475622
0.423064
0.242349
0.203476
0.337361
0.281371
0.120865
0.179341
0.272965
0.250246
0.170575
0.262705
0.462879
0.369510
0.222036
0.295485
0.495606
0.513260
0.301572
0.243500
0.412940
0.281526
0.199308
0.201072
0.307918
0.296904
0.164139
0.257376
0.436856
0.400463
0.274327
0.255732
0.416081
0.464560
0.234981
0.143932
0.242532
0.254002
0.183823
0.235065
0.372543
0.305284
0.177786
0.282732
0.488578
0.493606
0.310876
0.308457
0.473746
0.506167
0.274042
0.192222
0.279466
0.270295
0.173586
0.254592
0.382383
0.359715
0.170758
0.312335
0.393794
0.521367
0.278600
0.331274
0.437679
0.425473
0.290997
0.134845
0.247395
0.247277
0.110181
0.264970
0.359853
0.418333
0.216858
0.300098
0.406817
0.470005
0.277641
0.310579
0.474934
0.439403
0.216951
0.186042
0.206471
0.244245
0.082698
0.178750
0.226472
0.247107
0.167298
0.214808
0.278592
0.304869
0.149977
0.177350
0.277589
0.319753
0.116880
0.084862
0.150933
0.149778
0.070444
